-1.849 1
-0.558 1
1.159 1
3.818 1
-0.795 1
0.64 1
-1.614 1
0.126 1
-0.713 1
-2.059 1
-0.365 1
-0.955 1
-1.096 1
-3.924 1
0.447 1
0.151 1
-0.289 1
1.131 1
0.193 1
-0.094 1
-3.591 1
1.902 1
0.08 1
-0.053 1
-2.51 1
0.437 1
0.074 1
2.174 1
2.616 1
-0.4 1
0.798 1
-1.575 1
1.429 1
2.512 1
1.709 1
0.199 1
1.59 1
-0.492 1
-0.141 1
-1.664 1
-0.104 1
0.172 1
0.768 1
-2.344 1
0.308 1
-1.188 1
-3.444 1
0.391 1
-2.021 1
-0.91 1
-0.053 2
0.816 2
-3.103 2
0.401 2
1.491 2
-2.102 2
-2.3 2
2.946 2
-3.696 2
-0.75 2
5.689 2
0.166 2
0.815 2
1.825 2
-6.092 2
2.172 2
1.202 2
6.786 2
1.876 2
2.201 2
0.992 2
-0.962 2
1.975 2
-2.207 2
2.014 2
2.252 2
4.513 2
-2.89 2
-6.094 2
1.208 2
-6.731 2
0.804 2
-3.198 2
3.782 2
-4.202 2
-1.622 2
-7.361 2
-1.132 2
-2.85 2
2.561 2
7.776 2
-2.214 2
-2.855 2
-4.179 2
6.401 2
1.176 2
-2.525 2
-0.344 2
1.921 2
0.105 2
