-0.152 -0.306
2.749 1.81
0.707 0.721
0.708 -0.129
0.512 1.282
1.834 0.939
1.187 0.341
0.867 1.52
1.294 1.164
0.32 0.277
1.738 -0.224
1.505 -0.527
-0.854 0.484
0.276 0.962
0.422 -0.116
3.334 2.201
2.299 1.332
-0.596 -1.449
1.342 -0.054
1.819 -0.263
2.189 -1.015
0.89 0.317
1.157 1.348
0.502 -0.725
0.808 -0.701
1.225 0.004
0.028 0.858
1.301 1.803
-0.726 0.925
1.502 1.22
1.1 1.264
1.226 0.619
1.044 0.751
1.981 -0.688
1.245 0.543
1.5 -0.821
2.883 1.005
0.378 0.034
1.465 1.016
1.2 0.197
1.647 1.083
2.436 0.176
1.391 -0.588
0.806 -0.082
1.102 1.87
0.496 0.344
1.054 0.665
0.683 -1.164
0.199 1.849
0.235 1.259
